"ppntID","obsbudget","obsbudget_initial","observations","obstime","drawTime","idstring","phase","score_before_choice","choice_time","payout_received","choice","score_after_choice","condition","trialindex","chose_prob","chose_pay","chose_expectation","prob1","prob2","prob3","pay1","pay2","pay3","expectedvalue1","expectedvalue2","expectedvalue3"
,0,2,"[""trial218_prob1"",""trial218_prob2"",""trial218_prob3"",""trial218_pay1"",""trial218_pay2"",""trial218_pay3""]","[1597869400319,1597869400363,1597869400391,1597869400422,1597869400435,1597869400448]",1597869400294,"trial218_","phase1",0,1597869439412,true,"trial218_2",8.97,,1,0.559,8.97,5.01423,0.922,0.559,0.471,46.4,8.97,0.771,42.7808,5.01423,0.363141
,0,3,"[""trial924_prob1"",""trial924_prob2"",""trial924_prob3"",""trial924_pay1"",""trial924_pay2"",""trial924_pay3""]","[1597869449781,1597869449800,1597869449815,1597869449824,1597869449834,1597869449841]",1597869449754,"trial924_","phase1",8.97,1597869459591,true,"trial924_3",63.17,,2,0.523,54.2,28.346600000000002,0.514,0.489,0.523,50.8,2.29,54.2,26.1112,1.11981,28.346600000000002
,0,3,"[""trial683_prob1"",""trial683_prob2"",""trial683_prob3"",""trial683_pay1"",""trial683_pay2"",""trial683_pay3""]","[1597869474737,1597869474768,1597869474800,1597869474822,1597869474828,1597869474841]",1597869474711,"trial683_","phase1",63.17,1597869481297,true,"trial683_2",109.97,,3,0.578,46.8,27.050399999999996,0.113,0.578,0.597,53,46.8,53.6,5.989,27.050399999999996,31.9992
,0,6,"[""trial360_prob1"",""trial360_prob2"",""trial360_prob3"",""trial360_pay1"",""trial360_pay2"",""trial360_pay3""]","[1597869484125,1597869484139,1597869484149,1597869484162,1597869484165,1597869484174]",1597869484100,"trial360_","phase2",109.97,1597869485564,true,"trial360_2",208.07,,5,0.814,98.1,79.8534,0.0401,0.814,0.428,98,98.1,49.7,3.9297999999999997,79.8534,21.2716
,0,1,"[""trial259_prob1"",""trial259_prob2"",""trial259_prob3"",""trial259_pay1"",""trial259_pay2"",""trial259_pay3""]","[1597869493803,1597869493829,1597869493852,1597869493868,1597869493878,1597869493886]",1597869493780,"trial259_","phase2",208.07,1597869497119,true,"trial259_2",257.37,,6,0.993,49.3,48.954899999999995,0.458,0.993,0.553,93.2,49.3,91.2,42.6856,48.954899999999995,50.433600000000006
,0,3,"[""trial537_prob1"",""trial537_prob2"",""trial537_prob3"",""trial537_pay1"",""trial537_pay2"",""trial537_pay3""]","[1597869499454,1597869499468,1597869499481,1597869499495,1597869499503,1597869499515]",1597869499430,"trial537_","phase2",257.37,1597869519117,true,"trial537_2",257.766,,7,0.938,0.396,0.371448,0.475,0.938,0.126,1.51,0.396,48.8,0.7172499999999999,0.371448,6.1488
,0,4,"[""trial549_prob1"",""trial549_prob2"",""trial549_prob3"",""trial549_pay1""]","[1597869564768,1597869572854,1597869575718,1597869580185]",1597869539932,"trial549_","phase3",257.766,1597869605118,true,"trial549_1",355.266,,9,0.533,97.5,51.9675,0.533,0.513,0.506,97.5,54.9,92.7,51.9675,28.1637,46.906200000000005
,0,6,"[""trial617_prob1"",""trial617_pay1"",""trial617_prob2"",""trial617_pay2"",""trial617_prob3"",""trial617_pay3""]","[1597869655220,1597869660062,1597869664029,1597869667040,1597869669342,1597869675792]",1597869639940,"trial617_","phase3",355.266,1597869681555,true,"trial617_2",357.786,,10,0.427,2.52,1.0760399999999999,0.107,0.427,0.533,45.2,2.52,9.87,4.8364,1.0760399999999999,5.2607099999999996
,0,2,"[""trial507_prob2"",""trial507_pay2"",""trial507_pay1""]","[1597869951420,1597869953589,1597869956029]",1597869943507,"trial507_","phase3",357.786,1597869976742,false,"trial507_1",357.786,,11,0.527,97.1,51.1717,0.527,0.412,0.448,97.1,1.96,1.9,51.1717,0.8075199999999999,0.8512